x19 = [1 2 3 4 5 6 7 8];
y19 = [15.3 20.5 27.4 34.6 49.1 65.6 87.8 117.6];