x22 = [3   5   10  20];
y22 = [3.5 4.8 4.2 4.5]